742
1917
740
1918
741
4249
743
1914
741
1444
738
1914
740
1917
746
1919
746
1912
742
1917
740
1244
740
1913
743
4245
737
1920
743
1359
741
1920
745
1916
736
1915
736
1917
740
1919
737
1934
746
4148
743
1918
746
1313
745
1920
739
1917
745
1914
746
1919
745
1913
738
1907
744
1908
743
1914
739
1919
743
1927
740
1919
738
4244
741
1918
742
1916
741
1919
746
1927
744
1914
737
1917
735
1917
743
1914
736
2925
738
1894
741
1917
739
3045
742
1918
745
1919
739
1918
744
1919
745
1915
739
4242
743
1918
738
1887
743
1913
742
1917
745
1919
742
1912
741
1919
739
1912
737
1918
738
1919
736
1853
741
1917
737
1911
740
1911
742
1913
745
1910
748
0
740
0
747
0
737
0
739
0
736
0
745
0
745
0
746
0
746
0
739
0
744
0
739
0
739
0
748
0
736
0
742
0
743
0
740
0
739
0
745
0
741
0
747
0
740
0
737
0
738
0
742
0
739
0
739
0
737
0
737
0
