0		0	0
5	1			-78.42	0.01			
0	0	0	0	0	0	0	0
5	1			-76.46	-44.14			
0	0	0	0	0	0	0	0
5	1			-76.46	44.14				
0	0	0	0	0	0	0	0
5	1			-66.23	38.24			
0	0	0	0	0	0	0	0
5	1			-54.35	31.38			
0	0	0	0	0	0	0	0
5	1			-43.54	-25.14			
0	0	0	0	0	0	0	0
5	1			-39.21	67.91				
0	0	0	0	0	0	0	0
5	1			-39.21	-67.91			
0	0	0	0	0	0	0	0
5	1			-28.81	16.63			
0	0	0	0	0	0	0	0
5	1			-17.16	9.91			
0	0	0	0	0	0	0	0
5	1			-16.72	-9.66			
0	0	0	0	0	0	0	0
5	1			0.01	-88.29			
0	0	0	0	0	0	0	0
5	1			0.01	-77.28			
0	0	0	0	0	0	0	0
5	1			0.01	-62.37			
0	0	0	0	0	0	0	0
5	1			0.01	-33.8			
0	0	0	0	0	0	0	0
5	1			0.01	-20.69			
0	0	0	0	0	0	0	0
5	1			0.01	0.01			
0	0	0	0	0	0	0	0
5	1			0.01	19.87			
0	0	0	0	0	0	0	0
5	1			0.01	52.26			
0	0	0	0	0	0	0	0
5	1			0.01	75.3			
0	0	0	0	0	0	0	0
5	1			17.06	-9.85			
0	0	0	0	0	0	0	0
5	1			18.67	10.78			
0	0	0	0	0	0	0	0
5	1			30.17	17.42			
0	0	0	0	0	0	0	0
5	1			39.21	67.91			
0	0	0	0	0	0	0	0
5	1			39.21	-67.91			
0	0	0	0	0	0	0	0
5	1			41.63	-24.03			
0	0	0	0	0	0	0	0
5	1			54.85	31.67			
0	0	0	0	0	0	0	0
5	1			62.35	-36			
0	0	0	0	0	0	0	0
5	1			67.89	39.19			
0	0	0	0	0	0	0	0
5	1			76.46	44.14			
0	0	0	0	0	0	0	0
5	1			78.42	0.01			
