1016
1927
1020
1915
1017
914
1014
1917
1014
1930
1020
3020
1011
1916
1022
1631
1012
1945
1027
1937
1019
1917
1017
1924
1018
1970
1017
1918
1021
1921
1041
1969
1011
3005
1013
1953
1016
1917
1020
1917
1016
4076
1013
1922
1014
1918
1020
1917
1016
3016
1017
1916
1017
1917
1015
1918
1019
1919
1022
1916
1018
3626
1019
1917
1010
1434
1017
3013
1020
1918
1018
1918
1014
1916
1020
1924
1013
1917
1016
1918
1012
1916
1014
997
1016
1920
1015
3019
1021
1915
1019
1916
1018
1917
1018
1915
1012
1928
1021
1917
1011
3016
1014
3110
1018
1916
1011
1916
1017
1916
1019
3013
1022
1916
1015
1917
1020
3013
1020
1917
1019
1916
1020
1916
1015
1916
1021
1919
1010
1916
1012
1034
1012
1916
1022
1916
1019
3024
1017
1917
1014
1431
1014
1919
1021
1915
1012
1917
1022
1917
